01
02
06
07
08
10023
1014
10201
10202
10203
10204
1030
1031
1032
1033
1034
1038
1039
1061
1090
1092
1131
1148
1149
1154
1160
1161
1162
1163
1164
1175
1176
1197
11995
1217
1218
1219
1220
1221
1222
1223
1224
1225
1226
1227
1228
1229
1230
1231
1232
1233
1234
1235
1236
1237
1257
1258
1259
1260
1267
1268
1290
1291
1292
1293
1314
1315
1316
1317
1318
1319
1320
1321
1322
1324
1325
1326
1329
1330
1331
1332
1333
1334
1335
1336
1337
1339
1342
1343
1345
1346
1388
1389
1390
1391
1392
1393
1417
1418
1419
1420
1431
1432
1433
1434
1441
1570541574
1924
1972
2000443
20005
2000708
2000709
20012
2063
2065
2067
2068
2129
2141
2142
2143
2144
2145
2182
2183
2191
2192
2193
2194
2231
2232
2233
2235
2236
2282
2283
2544
26374
26377
26379
2853303
2854
2856089
2856227
29
3000
3001
3003
3005
3038
30433
30465
3054
3057
30655
30682
30710
30735
30736
31
3259
3287
40084
40116
40117
412401
412402
412403
412501
412502
412503
412504
412505
412506
4151847
4151848
4151849
41999
42000
42001
42002
42004
42005
42006
42007
42008
42009
42010
42011
42020
42021
42022
42023
42024
42025
42026
42027
42028
42029
42030
42031
42032
42033
42034
42035
42036
42037
42038
42039
42040
42041
42042
42043
42044
42045
42046
42047
42048
42049
42050
42052
42053
42054
42055
42056
42057
42058
42059
42060
42061
42062
42063
42064
42065
42066
42068
42069
42070
42071
42072
42073
42074
42075
42076
42077
42078
42079
42080
42081
42082
42083
42084
42088
42089
42090
42091
42092
42093
42094
42095
42096
42097
42098
42099
42100
42101
42102
42103
42104
42105
42106
42107
42108
42109
42110
42111
42112
42113
42114
42115
42116
42117
42118
42119
42120
42121
42122
42123
42124
42125
42126
42127
42128
42129
42130
42131
42132
42133
42134
42135
42136
42137
42138
42139
42140
42141
42143
42144
42145
42146
42147
42148
42149
42150
42151
42152
42153
42154
42155
42156
42157
42158
42159
42160
42161
42162
42163
42164
42165
42166
42167
42168
42169
42170
42171
42172
42173
42174
42175
42176
42177
42178
42179
42180
42181
42182
42184
42196
42197
42198
42199
42200
42201
42202
42203
42204
42205
42206
42207
42208
42209
42210
42211
42212
42213
42214
42215
42217
42218
42219
42220
42221
42222
42223
42224
42225
42226
42227
42228
4228383
44000
44001
44002
44003
44004
44005
44006
44007
44008
44009
44010
44011
44012
44013
44014
44015
44016
44017
44018
44019
44020
44021
44022
44023
44024
44025
44026
44027
44028
44029
4648933
4659607
4868
4869
4870
4877
4878
4879
5000194
5002941
5002942
5003101
5003102
5003104
5003105
5003106
5003107
5003108
5003109
5003110
5003111
5003112
5003113
5003114
5003115
5003116
5003117
5003118
5003119
5003120
5003121
5003122
5003123
5003124
5003125
5003126
5003127
5003128
5003129
5003130
5003131
5003132
5003133
5003134
5003135
5003136
5003137
5003138
5003139
5003141
5003143
5003144
5003145
5003147
5003148
5003149
5003150
5003152
5003153
5003154
5003155
5003156
5003157
5003158
5003159
5003160
5003161
5003162
5003163
5003164
5003165
5003166
5003167
5003168
5003173
5003175
5003176
5003177
5003179
5003181
5003182
5003183
5003184
5003185
5003186
5003187
5003188
5003189
5003190
5003191
5003192
5003193
5003194
5003195
5003197
5003198
5003199
5003200
5003201
5003202
5003203
5003205
5003206
5003207
5003208
5003209
5003210
5003211
5003212
5003213
5003216
5003217
5003218
5003220
5003222
5003233
5003234
5003236
5003237
5003238
5003239
5003240
5003241
5003242
5003243
5003244
5003245
5003408
5003424
5003466
5003476
5003477
5003832
5003840
5004059
5004092
5004193
5004409
5004459
5004462
5004463
5004465
5004466
5004467
5005496
5005632
5005633
5006823
5041
5099
5100
5101
5102
5103
5104
5105
5106
5107
5108
5109
5110
5111
5112
5113
5114
5115
5116
5117
5118
5119
5120
5201
5202
5203
5204
5205
5206
5210
5218
5219
5220
5221
5222
5223
5225
5226
5227
5228
5229
5231
5232
5233
5234
5235
5236
5237
5238
5239
5240
5241
5242
5243
5244
5245
5246
5247
5248
5249
5250
5251
5252
5253
5254
5255
5256
5257
5258
5259
5260
5261
5262
5263
5264
5265
5266
5267
5268
5269
5270
5271
5272
5273
5274
5275
5276
5277
5278
5279
5280
5281
5282
5283
5284
5285
5286
5287
5288
5289
5290
5291
5292
5293
5294
5295
5306
601601
601602
6126
6127
6128
6200
6201
6202
6203
6216
6217
6218
6221
6222
6223
6227
6228
6229
6230
6231
6282
6283
6293
65071
65081
65109
65110
65127
65128
65186
65229
65230
65258
65277
65295
65296
65297
65340
6535735
65415
65418
65468
65514
65515
65545
65547
65549
65716
65757
65808
65813
65829
65830
65849
66131
66138
66147
66148
66157
66158
66170
6620
66207
66235
66272
66273
66274
66300
66318
66333
66334
66335
66359
6637
6638
66397
66404
66406
66407
66414
66433
66437
66445
66446
66452
66471
66481
66482
66483
66484
66485
66488
66712
66784
6934
6935
6936
6937
6944
6945
6946
6992
6993
6994
6995
6996
6997
70012
70778
70779
70780
70781
70782
70783
70784
70785
70786
70787
70788
70789
70790
70791
70792
70793
70794
70795
709
7116
7117
71300
71301
71302
71303
71304
71305
71306
71307
71308
71309
71310
71311
71312
71313
71314
71315
71316
7135
7136
7137
7138
7145
7147
7148
7156
7157
7158
7160
7162
7164
7165
7167
7168
7169
7170
7179
7216
7217
73129
7716
7717
7718
7719
78675
7934
8000
8001
8002
8003
8004
8005
8006
8007
8008
8009
8010
8011
8012
8020
8022
8024
8026
8030
8032
8034
8035
8040
8041
8042
8043
8044
8045
8046
8047
8048
8049
8050
8051
8052
8053
8054
8055
8062
8063
8064
8065
8066
8067
8068
8069
8070
8071
8074
8081
8082
8090
8094
8109
8110
8202
8203
8204
8205
8207
8208
8209
8210
8213
8215
8216
8217
8218
8219
8222
8223
8225
8226
8229
8230
8232
8233
8235
8236
8237
8238
8239
8240
8241
8242
8244
8245
8246
8247
8248
8250
8251
8252
8253
8255
8256
8257
8258
8259
8260
8261
8262
8263
8264
8265
8266
8268
8269
8270
8271
8272
8273
8274
8275
8277
8279
8280
8281
8282
8283
8284
8285
8286
8287
8288
8289
8290
8291
8292
8294
8295
8296
8297
8299
8300
8305
8307
8408
8412
8414
8415
8416
8417
8418
8419
8420
8421
8422
8425
8428
8429
8430
8431
8432
8433
8434
8435
8436
8437
8438
8439
8440
8441
8443
8444
8445
8446
8448
8450
8451
8453
8454
8455
8456
8457
8458
8459
8460
8462
8463
8464
8465
8466
8479
8480
8482
8483
8485
850
8500
8501
8502
8503
8504
8505
8506
8507
8508
8509
851
8510
8511
8512
8513
8514
8515
8516
852
8520
8521
8522
8523
8525
853
8530
8531
8532
8533
8534
8535
8536
8537
8538
8539
854
8540
8541
8542
8543
8544
8545
8546
8548
8549
855
8550
8551
8552
8553
8554
8555
8556
8557
8558
8559
856
8560
8561
8562
8563
8564
8565
8566
8567
8568
8569
857
8570
8571
8572
8573
8574
8575
8576
8577
8578
858
8580
8581
8582
8583
8584
8585
8586
8587
8588
8589
8590
8591
8592
8593
8594
8595
8596
8597
8598
8599
8600
8601
8602
8603
8604
8605
8606
8607
8608
8609
8610
8611
8612
8613
8614
8615
8616
8617
8618
8619
8620
8621
8622
8623
8624
8625
8626
8640
8660
8680
8685
8686
8687
8688
8689
8690
8691
8692
8693
8694
8695
8696
8697
8698
8699
870
8700
871
8710
8711
8712
8713
8714
8715
8719
872
8720
8721
8722
8723
8724
8725
8726
8727
8728
8729
8730
8731
8732
8733
8734
8735
8736
8737
8738
8739
874
8740
8741
8742
8743
8744
8745
8746
8747
8748
875
8755
8756
8757
8758
8759
876
8761
8762
8763
8764
8769
877
878
879
880
880001
880010
880011
880012
88019
8808
8810
8811
8812
8815
8816
8818
8820
8824
8825
8826
8828
8829
8830
8832
8835
8836
8837
8838
8839
8840
8841
8842
8843
8844
8845
8846
8847
8848
8849
8850
8851
8852
8853
8854
8855
8856
8857
8858
8859
8860
8862
8865
8868
8872
8880
8888
8889
8890
8891
8892
8893
8894
8900
8901
8902
8903
8904
8905
8910
8911
8912
8913
8914
8915
8916
8917
8918
8919
8920
8921
8922
8923
8924
8925
8926
8927
8929
8930
8931
8932
8934
8935
8939
8940
8941
8942
8943
8944
8945
8946
8947
8948
8949
8952
8953
8954
8972
8973
8974
8975
8976
8977
8978
8979
8980
8981
8982
8983
8984
8985
8986
8987
8988
8989
8990
8991
8992
8993
8994
8995
8996
8998
9380
9390
9391
9392
9393
9394
9395
9396
9397
9398
948
950
951
952
954
955
956
960
9603
9604
9605
9607
9608
961
9610
9612
9614
9616
9617
9618
9628
9630
9631
9632
9637
9640
9642
9644
9645
9646
9649
9660
9667
9668
9669
9670
9680
9681
9684
9685
9688
9700
970010
970017
970018
970028
970030
970039
970041
970042
970043
9701
970110
970115
970116
970117
970118
970119
970124
9702
9704
9705
970601
970602
970603
970604
970605
970606
970607
970608
970609
970610
970611
970612
970613
970614
970615
970616
970617
970618
970619
970620
970621
970622
970623
970624
970625
970626
970627
970628
970629
970630
970631
970632
970633
970634
970635
970636
970637
970638
970640
970641
970643
970645
970646
970654
970658
970659
970660
970662
970663
970665
9750
9751
9752
9753
9767
9771
9776
9820
9822
9823
9824
9825
9826
9831
9847
9849
9851
9852
9853
9854
9855
9856
9858
9859
9860
9861
9862
9863
9867
9868
9870
9871
9872
9874
9875
9876
9883
9885
9888
9889
9890
9891
98959
9898
9899
9900
991327
991328
991329
991330
991332
991333
991336
991337
991369
991402
991403
991404
991405
991426
991451
991452
991526
9916
991751
9918
9927
9928
9937
9938
9939
9941
9942
9943
9945
9949
9960
9961
9963
9964
9965
9966
9967
9968
9969
9970
9971
9975
BIONICLE
C8500
C8504
C8509
C8511
C8512
C8521
COMCON042
COMCON043
GOLDBIONICLEMASK
K8008
K8533
K8563
K8564
K8566
K8572
K8573
K8578
K8586
K8587
K8588
K8590
K8591
K8592
K8596
K8603
K8605
K8606
K8614
K8615
K8685
K8688
K8725
K8727
K8741
K8747
K8755
K8761
K8764
K8900
K8915
K8916
K8924
K8927
K8929
K8942
K8944
K8978
KABBION1
KABBION2
KABROBO
KABTEC
L0002290
L0002291
LLCABR1
LLCABR2
LLCABR3
SDCC2015
Sp16
Sp17
Sp2
Sp3
TOYFAIR1998
TSUPER
bilmasks
k8612
